MIA
15
~
10 14 15 
0.027130659297 0.970386502796 0.636106388647 
11 14 15 
0.0248952160213 0.97253672926 0.658163059642 
9 14 15 
0.0110572574808 0.98632143482 0.671858332945 
8 14 15 
0.00950507853825 0.987878625594 0.670559767915 
3 14 15 
0.00708509862158 0.99035160501 0.656806895414 
~
0 2 5 
1.46650265382 -0.466506724595 0.00104575555237 
0 3 5 
1.31560037549 -0.315603385642 0.000773288642194 
0 4 5 
1.10867637038 -0.108677540577 0.000300616033312 
0 1 5 
1.1327374209 -0.132738034045 0.000157514419665 
~
1 3 4 
1.11424777476 -0.114247842146 1.73098377476e-05 
0 2 4 
1.33281513153 -0.332815445842 8.07444059395e-05 
2 3 4 
0.74980834934 0.250191666752 -4.13381506872e-06 
~
0 1 3 
-0.418480074854 1.41847986662 5.34944607958e-05 
1 2 3 
0.96829460456 0.0317054365228 -1.05539352655e-05 
~
0 1 2 
0.878875408607 0.121124599834 -2.16859268495e-06 
